name : 
Book:
William McGuire, Richard H.Gallagher, Ronald D.Ziemian
Matrix Structural Analysis

EXAMPLE 9.1
Page 247

P NK: 3.5717e+05 3.4000e+05 :    5.05%
P NR: 3.5717e+05 3.4000e+05 :    5.05%
        D.NK	        P.NK	        D.NR	        P.NR
  5.1282e-03	  1.0000e+04	  5.1282e-03	   1.000e+04
  1.0526e-02	  2.0000e+04	  1.0526e-02	   2.000e+04
  1.6216e-02	  3.0000e+04	  1.6216e-02	   3.000e+04
  2.2222e-02	  4.0000e+04	  2.2222e-02	   4.000e+04
  2.8572e-02	  5.0000e+04	  2.8572e-02	   5.000e+04
  3.5294e-02	  6.0000e+04	  3.5294e-02	   6.000e+04
  4.2425e-02	  7.0000e+04	  4.2425e-02	   7.000e+04
  5.0001e-02	  8.0000e+04	  5.0001e-02	   8.000e+04
  5.8066e-02	  9.0000e+04	  5.8066e-02	   9.000e+04
  6.6669e-02	  1.0000e+05	  6.6669e-02	   1.000e+05
  7.5865e-02	  1.1000e+05	  7.5865e-02	   1.100e+05
  8.5719e-02	  1.2000e+05	  8.5719e-02	   1.200e+05
  9.6302e-02	  1.3000e+05	  9.6302e-02	   1.300e+05
  1.0770e-01	  1.4000e+05	  1.0770e-01	   1.400e+05
  1.2001e-01	  1.5000e+05	  1.2001e-01	   1.500e+05
  1.3335e-01	  1.6000e+05	  1.3335e-01	   1.600e+05
  1.4784e-01	  1.7000e+05	  1.4784e-01	   1.700e+05
  1.6366e-01	  1.8000e+05	  1.6366e-01	   1.800e+05
  1.8098e-01	  1.9000e+05	  1.8098e-01	   1.900e+05
  2.0004e-01	  2.0000e+05	  2.0004e-01	   2.000e+05
  2.2110e-01	  2.1000e+05	  2.2110e-01	   2.100e+05
  2.4451e-01	  2.2000e+05	  2.4451e-01	   2.200e+05
  2.7067e-01	  2.3000e+05	  2.7067e-01	   2.300e+05
  3.0011e-01	  2.4000e+05	  3.0011e-01	   2.400e+05
  3.3347e-01	  2.5000e+05	  3.3347e-01	   2.500e+05
  3.7161e-01	  2.6000e+05	  3.7161e-01	   2.600e+05
  4.1562e-01	  2.7000e+05	  4.1562e-01	   2.700e+05
  4.6697e-01	  2.8000e+05	  4.6697e-01	   2.800e+05
  5.2768e-01	  2.9000e+05	  5.2768e-01	   2.900e+05
  6.0054e-01	  3.0000e+05	  6.0054e-01	   3.000e+05
  6.8963e-01	  3.1000e+05	  6.8963e-01	   3.100e+05
  8.0103e-01	  3.2000e+05	  8.0103e-01	   3.200e+05
  9.4433e-01	  3.3000e+05	  9.4433e-01	   3.300e+05
  1.1355e+00	  3.4000e+05	  1.1355e+00	   3.400e+05
  1.4034e+00	  3.5000e+05	  1.4034e+00	   3.500e+05
  1.8059e+00	  3.6000e+05	  1.8059e+00	   3.600e+05
  2.4780e+00	  3.7000e+05	  2.4780e+00	   3.700e+05
  3.8277e+00	  3.8000e+05	  3.8277e+00	   3.800e+05
  7.9206e+00	  3.9000e+05	  7.9206e+00	   3.900e+05
 -8.9345e-01	  4.0004e+05	 -8.9345e-01	   4.000e+05
 -8.5596e-01	  4.1004e+05	 -8.5596e-01	   4.100e+05
 -8.2101e-01	  4.2003e+05	 -8.2101e-01	   4.200e+05
 -7.8849e-01	  4.3003e+05	 -7.8849e-01	   4.300e+05
 -7.5827e-01	  4.4003e+05	 -7.5827e-01	   4.400e+05
 -7.3019e-01	  4.5003e+05	 -7.3019e-01	   4.500e+05
 -7.0413e-01	  4.6003e+05	 -7.0413e-01	   4.600e+05
 -6.7994e-01	  4.7003e+05	 -6.7994e-01	   4.700e+05
 -6.5749e-01	  4.8003e+05	 -6.5749e-01	   4.800e+05
 -6.3663e-01	  4.9003e+05	 -6.3663e-01	   4.900e+05
 -6.1726e-01	  5.0003e+05	 -6.1726e-01	   5.000e+05

