  0.00000000 
  0.00000000 
  0.00000000 
  0.00000000 
  0.00000000 
  0.00000000 
  0.00000000 
  0.00000000 
  0.00000000 
  0.00000000 
  0.00000000 
  0.00000000 
  0.00000000 
  0.00000000 
  0.00000000 
  0.00000000 
  0.00000000 
  0.00000000 
  0.00000000 
  0.00000000 
  0.00000000 
  0.00000000 
  0.00000000 
  0.00000000 
  0.00000000 
  0.00000000 
  0.00000000 
  0.00000000 
  0.00000000 
  0.00000000 
  0.00000000 
  0.00000000 
  0.00000000 
  0.00000000 
  0.00000000 
  0.00000000 
  0.00000000 
  0.00000000 
  0.00000000 
  0.00000000 
  0.00000000 
  0.00000000 
  0.00000000 
  0.00000000 
  0.00000000 
  0.00000000 
  0.00000000 
  0.00000000 
  0.00000000 
  0.00000000 
  0.00000000 
  0.00000000 
  0.00000000 
  0.00000000 
  0.00000000 
  0.00000000 
  0.00000000 
  0.00000000 
  0.00000000 
  0.00000000 
  0.00000000 
  0.00000000 
  0.00000000 
  0.00000000 
  0.00000000 
 -0.08505875 
 -1.00008342 
 -0.04293188 
 -0.08175224 
 -1.92188555 
 -0.07957779 
 -0.07197191 
 -2.69031225 
 -0.10540035 
 -0.05612996 
 -3.23658024 
 -0.11904159 
 -0.03489515 
 -3.50118669 
 -0.12316825 
 -0.00916590 
 -3.43659207 
 -0.12455855 
  0.01996669 
 -3.00944709 
 -0.13338582 
  0.05126468 
 -2.20218536 
 -0.16179645 
  0.08339620 
 -1.01383379 
 -0.22201094 
  0.11499314 
  0.54003762 
 -0.32426929 
  0.14471063 
  0.40811886 
 -2.09932765 
  0.15170343 
  0.30058606 
 -3.70250148 
  0.11577571 
  0.25319709 
 -4.76584713 
  0.06176567 
  0.24431013 
 -5.22357794 
  0.01462605 
  0.24400220 
 -5.15790638 
 -0.02548606 
  0.23330785 
 -4.65392717 
 -0.05844925 
  0.20268344 
 -3.79840509 
 -0.08417228 
  0.15027717 
 -2.67894260 
 -0.10258940 
  0.08007870 
 -1.38347181 
 -0.11365652 
  0.00000000 
  0.00000000 
 -0.11734831 
  0.00000000 
  0.00000000 
 -0.18655142 
 -2.17620691 
 -0.20090969 
 -0.17802087 
 -4.15411392 
 -0.36698645 
 -0.15300350 
 -5.74727983 
 -0.47519439 
 -0.11318960 
 -6.79338707 
 -0.52289557 
 -0.06128614 
 -7.16654013 
 -0.53074877 
 -0.00084760 
 -6.78814248 
 -0.53878912 
  0.06396133 
 -5.63423304 
 -0.59647828 
  0.12865910 
 -3.73747161 
 -0.74940423 
  0.18877224 
 -1.18323860 
 -1.02644665 
  0.24015954 
  1.89907250 
 -1.43108951 
  0.27930308 
  1.43664083 
 -4.73178135 
  0.27714866 
  1.08722212 
 -7.60735866 
  0.20598144 
  0.94096393 
 -9.47228128 
  0.10626253 
  0.91713759 
-10.22243170 
  0.01900102 
  0.91487037 
-10.00344119 
 -0.05534455 
  0.87034598 
 -8.97293455 
 -0.11646040 
  0.75216377 
 -7.29388457 
 -0.16414302 
  0.55542671 
 -5.13034679 
 -0.19826824 
  0.29523521 
 -2.64528087 
 -0.21876609 
  0.00000000 
  0.00000000 
 -0.22560210 
  0.00000000 
  0.00000000 
 -0.29170696 
 -3.36723588 
 -0.48452996 
 -0.27689406 
 -6.39875263 
 -0.87623186 
 -0.23367002 
 -8.77964487 
 -1.11735152 
 -0.16561003 
-10.24103368 
 -1.20931694 
 -0.07842475 
-10.58925145 
 -1.21708978 
  0.02045888 
 -9.73218509 
 -1.25048770 
  0.12252487 
 -7.69299137 
 -1.42775807 
  0.21895513 
 -4.60501356 
 -1.83456474 
  0.30146481 
 -0.69002648 
 -2.49376980 
  0.36305345 
  3.77110137 
 -3.35637228 
  0.39857565 
  2.87568013 
 -7.90688972 
  0.37824913 
  2.24241106 
-11.75471445 
  0.27354136 
  1.99287229 
-14.18535822 
  0.13461772 
  1.95970554 
-15.06897722 
  0.01300703 
  1.95022945 
-14.60282946 
 -0.09049905 
  1.84385425 
-13.01061515 
 -0.17543549 
  1.58352656 
-10.52538025 
 -0.24156823 
  1.16362343 
 -7.37898597 
 -0.28880862 
  0.61664361 
 -3.79733859 
 -0.31714381 
  0.00000000 
  0.00000000 
 -0.32658636 
  0.00000000 
  0.00000000 
 -0.39100611 
 -4.45642928 
 -0.86093239 
 -0.36961587 
 -8.44302527 
 -1.54535792 
 -0.30737918 
-11.51430968 
 -1.94808334 
 -0.21001379 
-13.28904617 
 -2.08325520 
 -0.08669635 
-13.50578022 
 -2.08853953 
  0.05065233 
-12.07395986 
 -2.17762359 
  0.18854382 
 -9.09307420 
 -2.55704838 
  0.31342771 
 -4.82751115 
 -3.34392836 
  0.41321130 
  0.34841925 
 -4.52059559 
  0.47846993 
  6.00625978 
 -5.94102680 
  0.50319752 
  4.63760022 
-11.50890142 
  0.46058469 
  3.72327250 
-16.10430274 
  0.32421359 
  3.38598200 
-18.92455591 
  0.15056546 
  3.35187863 
-19.81731414 
 -0.00135384 
  3.32516366 
-19.02574899 
 -0.13039571 
  3.12371020 
-16.83807169 
 -0.23599435 
  2.66569759 
-13.55499526 
 -0.31797532 
  1.94912686 
 -9.47043935 
 -0.37638451 
  1.02971812 
 -4.86369868 
 -0.41135144 
  0.00000000 
  0.00000000 
 -0.42299209 
  0.00000000 
  0.00000000 
 -0.47939376 
 -5.38867461 
 -1.28096625 
 -0.45157940 
-10.18713054 
 -2.28530512 
 -0.37078053 
-13.82473680 
 -2.85340950 
 -0.24487451 
-15.80581537 
 -3.02181830 
 -0.08662849 
-15.80222524 
 -3.02573583 
  0.08730611 
-13.73894971 
 -3.20837854 
  0.25825218 
 -9.81450923 
 -3.87203740 
  0.40792623 
 -4.43918001 
 -5.14686242 
  0.52074273 
  1.86624885 
 -6.94031271 
  0.58540924 
  8.54992552 
 -8.97714891 
  0.59568513 
  6.69843426 
-15.38343212 
  0.52931320 
  5.52087032 
-20.56844109 
  0.36302411 
  5.11540044 
-23.65548133 
  0.15770002 
  5.08671530 
-24.46819917 
 -0.02180715 
  5.02834479 
-23.29369471 
 -0.17393414 
  4.69486451 
-20.48619800 
 -0.29803765 
  3.98263950 
-16.41409327 
 -0.39407053 
  2.89849432 
-11.42965914 
 -0.46229330 
  1.52680955 
 -5.85809036 
 -0.50304779 
  0.00000000 
  0.00000000 
 -0.51659978 
  0.00000000 
  0.00000000 
 -0.55433681 
 -6.14576810 
 -1.69642834 
 -0.52048756 
-11.59749158 
 -3.00978916 
 -0.42223644 
-15.66767623 
 -3.72504445 
 -0.26950292 
-17.74691536 
 -3.91083709 
 -0.07857529 
-17.44395272 
 -3.91916331 
  0.12915445 
-14.71372275 
 -4.23837787 
  0.32984422 
 -9.87138758 
 -5.26305144 
  0.50069495 
 -3.47633388 
 -7.11300172 
  0.62307315 
  3.82335010 
 -9.59217933 
  0.68435173 
 11.38428076 
-12.27727227 
  0.67849544 
  9.05362387 
-19.38647977 
  0.58826137 
  7.63276343 
-25.05120330 
  0.39365973 
  7.17642831 
-28.32169815 
  0.15883908 
  7.15615617 
-28.99362506 
 -0.04640592 
  7.04862042 
-27.39779791 
 -0.21998783 
  6.54439611 
-23.95763562 
 -0.36116640 
  5.52173177 
-19.11059998 
 -0.47005589 
  4.00168674 
-13.26490878 
 -0.54718557 
  2.10236358 
 -6.78557819 
 -0.59316049 
  0.00000000 
  0.00000000 
 -0.60843075 
  0.00000000 
  0.00000000 
 -0.61436517 
 -6.72613070 
 -2.06557527 
 -0.57500449 
-12.66963173 
 -3.64459034 
 -0.46079087 
-17.03525300 
 -4.47118061 
 -0.28349864 
-19.10383512 
 -4.65562354 
 -0.06275204 
-18.42846202 
 -4.67971997 
  0.17545979 
-15.00938274 
 -5.18217339 
  0.40232169 
 -9.29091403 
 -6.63709269 
  0.59087366 
 -1.97535599 
 -9.12914177 
  0.71992712 
  6.18852909 
-12.33806584 
  0.77598423 
 14.49898148 
-15.68525972 
  0.75349809 
 11.69832975 
-23.39316121 
  0.64009219 
 10.05152413 
-29.46069491 
  0.41874881 
  9.55744410 
-32.85990073 
  0.15614351 
  9.54552429 
-33.35280989 
 -0.07353700 
  9.36988766 
-31.31403556 
 -0.26750860 
  8.65649171 
-27.24001870 
 -0.42486083 
  7.26917679 
-21.63947562 
 -0.54586208 
  5.24849529 
-14.97496460 
 -0.63133431 
  2.75095535 
 -7.64622126 
 -0.68217601 
  0.00000000 
  0.00000000 
 -0.69904399 
  0.00000000 
  0.00000000 
 -0.65848213 
 -7.13469621 
 -2.35479920 
 -0.61422421 
-13.41023355 
 -4.13047118 
 -0.48580279 
-17.93294193 
 -5.02006314 
 -0.28662658 
-19.88199749 
 -5.18470255 
 -0.03939088 
-18.76701391 
 -5.24224527 
  0.22559002 
-14.64928284 
 -5.97646279 
  0.47486494 
 -8.10875960 
 -7.92081197 
  0.67776853 
  0.02359646 
-11.10135830 
  0.81105691 
  8.92860629 
-15.06182607 
  0.86074277 
 17.87724418 
-19.07082359 
  0.82192931 
 14.61862567 
-27.29452754 
  0.68660068 
 12.75941595 
-33.71036629 
  0.44018310 
 12.23625577 
-37.20472416 
  0.15132137 
 12.23047249 
-37.49892086 
 -0.10181367 
 11.96820930 
-35.01059617 
 -0.31549974 
 11.00968486 
-30.31296036 
 -0.48851933 
  9.20753733 
-23.98855542 
 -0.62123862 
  6.62665930 
-16.55328107 
 -0.71476176 
  3.46626414 
 -8.43723440 
 -0.77028854 
  0.00000000 
  0.00000000 
 -0.78869232 
  0.00000000 
  0.00000000 
 -0.68610459 
 -7.37893381 
 -2.54032004 
 -0.63763144 
-13.83064856 
 -4.42636217 
 -0.49696308 
-18.37275044 
 -5.32418685 
 -0.27891107 
-20.09555082 
 -5.45424338 
 -0.00891565 
-18.48202785 
 -5.56936832 
  0.27877703 
-13.66910833 
 -6.58298581 
  0.54655296 
 -6.37169841 
 -9.06255841 
  0.76057449 
  2.47148424 
-12.95599751 
  0.89602276 
 12.00165535 
-17.66829727 
  0.93871682 
 21.48955186 
-22.32572027 
  0.88448147 
 17.78774001 
-30.99643077 
  0.72893673 
 15.72620011 
-37.72098340 
  0.45931783 
 15.17859620 
-41.29280361 
  0.14574297 
 15.17564847 
-41.38413233 
 -0.13002194 
 14.81045127 
-38.45313178 
 -0.36300837 
 13.57546520 
-33.15288143 
 -0.55148581 
 11.31443692 
-26.14250960 
 -0.69580715 
  8.12084164 
-17.99078288 
 -0.79731056 
  4.24050516 
 -9.15442841 
 -0.85748162 
  0.00000000 
  0.00000000 
 -0.87740757 
  0.00000000 
  0.00000000 
 -0.69722518 
 -7.46771301 
 -2.61022350 
 -0.64526400 
-13.94565278 
 -4.51315029 
 -0.49445426 
-18.37317187 
 -5.36506620 
 -0.26078317 
-19.76912250 
 -5.45266837 
  0.02793669 
-17.61008982 
 -5.65512107 
  0.33403029 
-12.12007303 
 -6.99128975 
  0.61631361 
 -4.14046939 
-10.03506658 
  0.83836105 
  5.30780299 
-14.64256846 
  0.97421894 
 15.35498307 
-20.08587328 
  1.00972647 
 25.29317052 
-25.36537426 
  0.94143801 
 21.16663889 
-34.42345068 
  0.76776023 
 18.91053614 
-41.42647242 
  0.47706729 
 18.33991884 
-45.06940003 
  0.14045556 
 18.33641152 
-44.96610937 
 -0.15715250 
 17.85561549 
-41.61058540 
 -0.40918277 
 16.31912379 
-35.73789005 
 -0.61311997 
 13.56297335 
-28.08661148 
 -0.76913766 
  9.71276070 
-19.27842652 
 -0.87872233 
  5.06444386 
 -9.79350634 
 -0.94360741 
  0.00000000 
  0.00000000 
 -0.96507991 
  0.00000000 
  0.00000000 
 -0.69255249 
 -7.41113316 
 -2.56548882 
 -0.63784651 
-13.77375813 
 -4.39545083 
 -0.47906165 
-17.96059896 
 -5.15499986 
 -0.23314860 
-18.94004809 
 -5.20148552 
  0.07010870 
-16.20373187 
 -5.52467578 
  0.39019326 
-10.06912651 
 -7.21843168 
  0.68303009 
 -1.48840224 
-10.83646176 
  0.91020872 
  8.46296608 
-16.13646338 
  1.04502569 
 18.92846374 
-22.27042234 
  1.07348213 
 29.23702885 
-28.13325125 
  0.99283006 
 24.70899920 
-37.52517682 
  0.80336630 
 22.26536554 
-44.78152180 
  0.49395023 
 21.67105827 
-48.49611449 
  0.13614408 
 21.66420370 
-48.21493829 
 -0.18248551 
 21.05940767 
-44.46099052 
 -0.45337646 
 19.20326221 
-38.05238406 
 -0.67290560 
 15.92415253 
-29.81016971 
 -0.84085390 
 11.38267452 
-20.40948932 
 -0.95873815 
  5.92808727 
-10.35121173 
 -1.02848327 
  0.00000000 
  0.00000000 
 -1.05155296 
  0.00000000 
  0.00000000 
 -0.67347055 
 -7.22033504 
 -2.41868407 
 -0.61674686 
-13.33703504 
 -4.09894853 
 -0.45211801 
-17.16911693 
 -4.73284793 
 -0.19730702 
-17.65737845 
 -4.74947672 
  0.11633928 
-14.32853932 
 -5.22784381 
  0.44609438 
 -7.59386436 
 -7.30351205 
  0.74571094 
  1.50499229 
-11.48711269 
  0.97538152 
 11.86506821 
-17.43820261 
  1.10797672 
 22.66158143 
-24.20629099 
  1.12974483 
 33.26970547 
-30.60294696 
  1.03858415 
 28.36870589 
-40.27975552 
  0.83580077 
 25.74545971 
-47.76626863 
  0.51013699 
 25.12590366 
-51.55573762 
  0.13310451 
 25.11380969 
-51.11737390 
 -0.20566106 
 24.38049332 
-46.99489019 
 -0.49523923 
 22.19272058 
-40.08969222 
 -0.73054822 
 18.37042990 
-31.30848726 
 -0.91073068 
 13.11162888 
-21.38088892 
 -1.03719319 
  6.82176680 
-10.82599912 
 -1.11198381 
  0.00000000 
  0.00000000 
 -1.13671495 
  0.00000000 
  0.00000000 
 -0.64180680 
 -6.90699396 
 -2.19041893 
 -0.58374945 
-12.65986541 
 -3.66360080 
 -0.41528980 
-16.03798768 
 -4.15455321 
 -0.15475475 
-15.97735426 
 -4.16157374 
  0.16534312 
-12.05628815 
 -4.82797574 
  0.50070427 
 -4.77411422 
 -7.29823781 
  0.80362003 
  4.76253073 
-12.02243025 
  1.03343216 
 15.44757929 
-18.56800064 
  1.16285071 
 26.50045843 
-25.90201336 
  1.17841850 
 37.34660574 
-32.77473866 
  1.07862426 
 32.10639524 
-42.69134874 
  0.86496193 
 29.31370041 
-50.38483637 
  0.52552338 
 28.66760289 
-54.25143695 
  0.13127700 
 28.64918154 
-53.67622988 
 -0.22667885 
 27.78552443 
-49.21480912 
 -0.53473902 
 25.25856744 
-41.85167894 
 -0.78601087 
 20.87861679 
-32.58263902 
 -0.97873839 
 14.88333381 
-22.19310253 
 -1.11406659 
  7.73705518 
-11.21802182 
 -1.19409395 
  0.00000000 
  0.00000000 
 -1.22055268 
  0.00000000 
  0.00000000 
 -0.59952251 
 -6.48264584 
 -1.90500336 
 -0.54075681 
-11.76712331 
 -3.13549337 
 -0.37031143 
-14.60800368 
 -3.48229196 
 -0.10696887 
-13.95755253 
 -3.50691686 
  0.21596525 
 -9.45740073 
 -4.39062941 
  0.55322570 
 -1.68412260 
 -7.25710336 
  0.85631019 
  8.21605891 
-12.48424940 
  1.08419920 
 19.15446613 
-19.55752506 
  1.20965934 
 30.40178544 
-27.38202292 
  1.21955462 
 41.43348097 
-34.66742559 
  1.11291364 
 35.89252918 
-44.78235916 
  0.89067749 
 32.94370399 
-52.65849855 
  0.53982534 
 32.27093220 
-56.60102982 
  0.13033974 
 32.24559046 
-55.90569623 
 -0.24582026 
 31.25098465 
-51.13156127 
 -0.57210417 
 28.37958116 
-43.34600816 
 -0.83947643 
 23.43099149 
-33.63760971 
 -1.04502302 
 16.68490975 
-22.84904499 
 -1.18947544 
  8.66714356 
-11.52861341 
 -1.27491168 
  0.00000000 
  0.00000000 
 -1.30315742 
  0.00000000 
  0.00000000 
 -0.54845017 
 -5.95808119 
 -1.58684707 
 -0.48953948 
-10.68249371 
 -2.56021058 
 -0.31877225 
-12.91819752 
 -2.77598010 
 -0.05525338 
-11.65202528 
 -2.85001586 
  0.26726118 
 -6.59548050 
 -3.97553307 
  0.60309953 
  1.61212300 
 -7.23020149 
  0.90357070 
 11.80949794 
-12.91361793 
  1.12772425 
 22.94163437 
-20.44182967 
  1.24856495 
 34.33313883 
-28.67758210 
  1.25329779 
 45.50617898 
-36.30875862 
  1.14145038 
 39.70698048 
-46.58389433 
  0.91275364 
 36.61891158 
-54.61684692 
  0.55267420 
 35.92103146 
-58.62941470 
  0.12983154 
 35.88832392 
-57.82524743 
 -0.26352698 
 34.76206810 
-52.75959441 
 -0.60771839 
 31.54141674 
-44.58277673 
 -0.89126510 
 26.01476743 
-34.48001920 
 -1.10984645 
 18.50660339 
-23.35268641 
 -1.26363403 
  9.60672691 
-11.75963949 
 -1.35461979 
  0.00000000 
  0.00000000 
 -1.38470090 
  0.00000000 
  0.00000000 
 -0.49013222 
 -5.34289931 
 -1.25828736 
 -0.43158491 
 -9.42726175 
 -1.97894315 
 -0.26199596 
-11.00360463 
 -2.08856091 
 -0.00066855 
 -9.10835414 
 -2.24624591 
  0.31850552 
 -3.52463790 
 -3.63274005 
  0.64995288 
  5.06233491 
 -7.25951170 
  0.94533219 
 15.49879309 
-13.34623594 
  1.16413948 
 26.77572330 
-21.25333198 
  1.27977675 
 38.27103954 
-29.81936989 
  1.27981196 
 49.54825140 
-37.72724012 
  1.16424153 
 43.53667620 
-48.12744417 
  0.93100225 
 40.32978293 
-56.28992356 
  0.56369724 
 39.61021694 
-60.36184152 
  0.12927060 
 39.56957824 
-59.45438792 
 -0.28027516 
 38.31005823 
-54.11314361 
 -0.64200768 
 34.73465965 
-45.57183188 
 -0.94174370 
 28.62081398 
-35.11634129 
 -1.17352000 
 20.34105664 
-23.70796837 
 -1.33680799 
 10.55168250 
-11.91298467 
 -1.43345361 
  0.00000000 
  0.00000000 
 -1.46540781 
  0.00000000 
  0.00000000 
 -0.42574976 
 -4.64518375 
 -0.93874396 
 -0.36803314 
 -8.01952549 
 -1.42708216 
 -0.20099776 
 -8.89400155 
 -1.46457177 
  0.05597696 
 -6.36634246 
 -1.74086950 
  0.36915664 
 -0.28889370 
 -3.40202419 
  0.69352353 
  8.62532648 
 -7.37793047 
  0.98156523 
 19.25024924 
-13.81030074 
  1.19356013 
 30.63180267 
-22.01812304 
  1.30345530 
 42.19830081 
-30.83244395 
  1.29921159 
 53.54802835 
-38.94628620 
  1.18127276 
 47.37280274 
-49.43888349 
  0.94525442 
 44.07062973 
-57.70248077 
  0.57257956 
 43.33445186 
-61.81907207 
  0.12825391 
 43.28505913 
-60.80906558 
 -0.29646614 
 41.88953899 
-55.20378990 
 -0.67534159 
 37.95284533 
-46.32116232 
 -0.99124832 
 31.24242293 
-35.55184733 
 -1.23635093 
 22.18263825 
-23.91814148 
 -1.40928138 
 11.49878788 
-11.99022652 
 -1.51168162 
  0.00000000 
  0.00000000 
 -1.54554109 
  0.00000000 
  0.00000000 
 -0.35610449 
 -3.87122135 
 -0.64479762 
 -0.29966352 
 -6.47364268 
 -0.93450597 
 -0.13648565 
 -6.61323900 
 -0.94084782 
  0.11410130 
 -3.45766209 
 -1.37021464 
  0.41880364 
  3.07736163 
 -3.31415046 
  0.73358195 
 12.26959471 
 -7.60990995 
  1.01218815 
 23.03844509 
-14.32592773 
  1.21599203 
 34.49099454 
-22.75401920 
  1.31963231 
 46.10152481 
-31.73314478 
  1.31150331 
 57.49595807 
-39.98042793 
  1.19247962 
 51.20830777 
-50.53451729 
  0.95536636 
 47.83682412 
-58.87015856 
  0.57911032 
 47.09023077 
-63.01424422 
  0.12653686 
 47.03101528 
-61.89955003 
 -0.31233646 
 45.49607375 
-56.03920232 
 -0.70795249 
 41.19095172 
-46.83613970 
 -1.04002445 
 33.87448251 
-35.79007508 
 -1.29860644 
 24.02706096 
-23.98537598 
 -1.48134100 
 12.44558174 
-11.99241817 
 -1.58960305 
  0.00000000 
  0.00000000 
 -1.62540413 
  0.00000000 
  0.00000000 
 -0.28161912 
 -3.02519864 
 -0.39083379 
 -0.22689928 
 -4.79973279 
 -0.52687103 
 -0.06887692 
 -4.17880513 
 -0.54841896 
  0.17331457 
 -0.40586213 
 -1.16395325 
  0.46711057 
  6.54860889 
 -3.39301981 
  0.76985753 
 15.97183236 
 -7.97284423 
  1.03698371 
 26.84430405 
-14.90538274 
  1.23124902 
 38.33837072 
-23.46959980 
  1.32813851 
 49.96890971 
-32.52715365 
  1.31653231 
 61.38227105 
-40.83274901 
  1.19771852 
 55.03574577 
-51.41836084 
  0.96121998 
 51.62242078 
-59.79683463 
  0.58321906 
 50.87192416 
-63.95078110 
  0.12410033 
 50.80175602 
-62.72920607 
 -0.32787954 
 49.12440075 
-56.62258299 
 -0.73986588 
 44.44440097 
-47.11921453 
 -1.08817883 
 36.51307331 
-35.83251460 
 -1.36049059 
 25.87128027 
-23.91043432 
 -1.55327476 
 13.39035993 
-11.91987313 
 -1.66756005 
  0.00000000 
  0.00000000 
 -1.70535759 
  0.00000000 
  0.00000000 
 -0.20233191 
 -2.10882990 
 -0.19005699 
 -0.14980676 
 -3.00310609 
 -0.22753260 
  0.00168934 
 -1.60136229 
 -0.31509901 
  0.23338693 
  2.77364485 
 -1.14794602 
  0.51376302 
 10.10756093 
 -3.65820371 
  0.80196668 
 19.71568114 
 -8.47876311 
  1.05551569 
 30.65342852 
-15.55365112 
  1.23886771 
 42.16101433 
-24.16365022 
  1.32852662 
 53.78807940 
-33.20800801 
  1.31392288 
 65.19457262 
-41.49278888 
  1.19673160 
 58.84509409 
-52.07985135 
  0.96271801 
 55.41781656 
-60.47238494 
  0.58500718 
 54.66920910 
-64.62067685 
  0.12121469 
 54.58730017 
-63.29361686 
 -0.34276742 
 52.76684145 
-56.95239338 
 -0.77083009 
 47.70833027 
-47.16974284 
 -1.13563274 
 39.15530230 
-35.67826635 
 -1.42212599 
 27.71354376 
-23.69223953 
 -1.62537771 
 14.33223640 
-11.77186833 
 -1.74595936 
  0.00000000 
  0.00000000 
 -1.78584647 
  0.00000000 
  0.00000000 
 -0.11786866 
 -1.12089514 
 -0.05585274 
 -0.06807390 
 -1.08354945 
 -0.06003815 
  0.07535557 
  1.11589132 
 -0.26868248 
  0.29422619 
  6.07382900 
 -1.34757728 
  0.55841750 
 13.74482531 
 -4.12782163 
  0.82933651 
 23.49076478 
 -9.13627921 
  1.06703416 
 34.45452023 
-16.26920977 
  1.23800523 
 45.94584318 
-24.82474805 
  1.31997487 
 57.54334635 
-33.75568121 
  1.30300034 
 68.91464939 
-41.93442089 
  1.18909654 
 62.62087816 
-52.49144498 
  0.95976947 
 59.20680530 
-60.87031387 
  0.58477627 
 58.46394343 
-65.00267683 
  0.11850788 
 58.37052296 
-63.57968544 
 -0.35626127 
 56.41135452 
-57.02211881 
 -0.80023166 
 50.97667529 
-46.98378915 
 -1.18206362 
 41.79903203 
-35.32356331 
 -1.48352938 
 29.55335485 
-23.32726477 
 -1.69795705 
 15.27114624 
-11.54622729 
 -1.82529627 
  0.00000000 
  0.00000000 
 -1.86743040 
  0.00000000 
  0.00000000 
 -0.02738142 
 -0.05672592 
 -0.00363290 
  0.01904192 
  0.96549213 
 -0.05141836 
  0.15257296 
  3.97804073 
 -0.44101794 
  0.35586966 
  9.49657322 
 -1.79188494 
  0.60065405 
 17.45888975 
 -4.82210613 
  0.85112031 
 27.29187360 
 -9.95315198 
  1.07036163 
 38.23751139 
-17.04534491 
  1.22730923 
 49.67653557 
-25.43127954 
  1.30115808 
 61.21149503 
-34.13543895 
  1.28268115 
 72.51340085 
-42.11382972 
  1.17414916 
 66.33760960 
-52.60612209 
  0.95225566 
 62.96210656 
-60.94521098 
  0.58304643 
 62.22557332 
-65.06026032 
  0.11703636 
 62.12284849 
-63.56465393 
 -0.36710457 
 60.03830713 
-56.82012284 
 -0.82698406 
 54.24027239 
-46.55403822 
 -1.22681907 
 44.44188820 
-34.76129304 
 -1.54456421 
 31.39092147 
-22.80884352 
 -1.77132013 
 16.20756703 
-11.23883509 
 -1.90616543 
  0.00000000 
  0.00000000 
 -1.95080224 
  0.00000000 
  0.00000000 
  0.07054864 
  1.09214424 
 -0.05344534 
  0.11280008 
  3.15750396 
 -0.23674988 
  0.23415764 
  6.99914073 
 -0.87353888 
  0.41849815 
 13.05327311 
 -2.51916072 
  0.63994258 
 21.25626876 
 -5.76848025 
  0.86611635 
 31.11803752 
-10.94051099 
  1.06376995 
 41.99086299 
-17.87331113 
  1.20476594 
 53.32862564 
-25.95341273 
  1.27008638 
 64.75477996 
-34.29863805 
  1.25132341 
 75.94231874 
-41.96924835 
  1.15086291 
 69.95210870 
-52.35626969 
  0.93995358 
 66.63814760 
-60.63127168 
  0.58053610 
 65.90392240 
-64.74032708 
  0.11833089 
 65.79716433 
-63.21570191 
 -0.37341489 
 63.61448268 
-56.33026118 
 -0.84938823 
 57.48257153 
-45.87055452 
 -1.26878664 
 47.07838443 
-33.98121124 
 -1.60484373 
 33.22526047 
-22.12692687 
 -1.84571213 
 17.14152354 
-10.84336921 
 -1.98922175 
  0.00000000 
  0.00000000 
 -2.03675678 
  0.00000000 
  0.00000000 
  0.17802322 
  2.33748739 
 -0.23368835 
  0.21508113 
  5.51218160 
 -0.66557151 
  0.32137486 
 10.20168293 
 -1.62501351 
  0.48249165 
 16.76470049 
 -3.58505444 
  0.67566410 
 25.15133596 
 -7.00969466 
  0.87274821 
 34.97115850 
-12.12109948 
  1.04491456 
 45.69754592 
-18.75072970 
  1.16758886 
 56.86188776 
-26.36146959 
  1.22395708 
 68.10980184 
-34.19068591 
  1.20655617 
 79.11979437 
-41.42796887 
  1.11767020 
 73.39119661 
-51.65909335 
  0.92236758 
 70.16008399 
-59.84642758 
  0.57802198 
 69.41861405 
-63.97608773 
  0.12431985 
 69.31678461 
-62.49258935 
 -0.37265744 
 67.08244164 
-55.53530717 
 -0.86500981 
 60.67077586 
-44.92444739 
 -1.30621945 
 49.69318872 
-32.97280599 
 -1.66354611 
 35.04950278 
-21.26983842 
 -1.92113779 
 18.07010971 
-10.35210565 
 -2.07500907 
  0.00000000 
  0.00000000 
 -2.12602195 
  0.00000000 
  0.00000000 
  0.29787220 
  3.69138957 
 -0.58593170 
  0.32844463 
  8.05074320 
 -1.41021650 
  0.41603216 
 13.61210271 
 -2.78186027 
  0.54857230 
 20.65805833 
 -5.07425741 
  0.70730120 
 29.16480841 
 -8.61747292 
  0.86927944 
 38.85419065 
-13.54612091 
  1.01103298 
 49.33039960 
-19.70257530 
  1.11235489 
 60.21098109 
-26.65094193 
  1.15918854 
 71.17315720 
-33.77869958 
  1.14518449 
 81.91281355 
-40.43429077 
  1.07223034 
 76.53546275 
-50.44157884 
  0.89837697 
 73.41077775 
-58.51376593 
  0.57589328 
 72.64766041 
-62.70334275 
  0.13687909 
 72.56227322 
-61.35958064 
 -0.36195100 
 70.34504516 
-54.42770092 
 -0.87075569 
 63.74063991 
-43.71867430 
 -1.33659723 
 52.24837891 
-31.73498205 
 -1.71912106 
 36.84169939 
-20.23148191 
 -1.99696930 
 18.98263291 
 -9.75976568 
 -2.16351162 
  0.00000000 
  0.00000000 
 -2.21879138 
  0.00000000 
  0.00000000 
  0.43340307 
  5.15736007 
 -1.16915269 
  0.45595011 
 10.78166193 
 -2.57343722 
  0.52049823 
 17.24618999 
 -4.46866241 
  0.61810055 
 24.75613859 
 -7.11488656 
  0.73502490 
 33.31815204 
-10.71347350 
  0.85463262 
 42.76949262 
-15.32651145 
  0.95987378 
 52.85126199 
-20.82587505 
  1.03587817 
 63.28208137 
-26.90111158 
  1.07206323 
 73.79370913 
-33.12082331 
  1.06345380 
 84.12443006 
-39.02331546 
  1.01122945 
 79.20897257 
-48.70903830 
  0.86557624 
 76.22700386 
-56.62198161 
  0.57308236 
 75.42841592 
-60.90750285 
  0.15652969 
 75.36898372 
-59.81776848 
 -0.33925566 
 73.25405340 
-53.03391072 
 -0.86363488 
 66.57920543 
-42.29100588 
 -1.35683839 
 54.66633546 
-30.29795043 
 -1.76900886 
 38.55188470 
-19.02892189 
 -2.07130326 
 19.85378273 
 -9.07334655 
 -2.25329356 
  0.00000000 
  0.00000000 
 -2.31379174 
  0.00000000 
  0.00000000 
  0.58711298 
  6.70840354 
 -2.05499715 
  0.60008037 
 13.66395956 
 -4.28131872 
  0.63720918 
 21.06816940 
 -6.84307490 
  0.69340421 
 29.04206859 
 -9.88102705 
  0.76091469 
 37.61112659 
-13.48624620 
  0.83039228 
 46.71289888 
-17.67216612 
  0.89220891 
 56.22147080 
-22.35841828 
  0.93782244 
 65.97604993 
-27.37604200 
  0.96096080 
 75.80222388 
-32.49474653 
  0.95845632 
 85.52287280 
-37.46522738 
  0.93065136 
 81.20684739 
-46.68248407 
  0.81937122 
 78.43641050 
-54.34826173 
  0.56511409 
 77.60526479 
-58.72052645 
  0.17971594 
 77.57212858 
-57.96811982 
 -0.30628535 
 75.63524245 
-51.45249739 
 -0.84314724 
 69.02831064 
-40.74498863 
 -1.36468092 
 56.82288223 
-28.75466440 
 -1.80994500 
 40.09467630 
-17.72998698 
 -2.14041259 
 20.63962007 
 -8.32834371 
 -2.34043016 
  0.00000000 
  0.00000000 
 -2.40704096 
  0.00000000 
  0.00000000 
  0.75585235 
  8.23922323 
 -3.28081189 
  0.75841586 
 16.52160665 
 -6.60261402 
  0.76576787 
 24.88406414 
-10.00155436 
  0.77693743 
 33.35210911 
-13.50443255 
  0.79044911 
 41.93661659 
-17.12498860 
  0.80451779 
 50.63287362 
-20.86157538 
  0.81728465 
 59.42180447 
-24.69679454 
  0.82706309 
 68.27289736 
-28.59943869 
  0.83256154 
 77.14822608 
-32.52865265 
  0.83305388 
 86.00703174 
-36.43973501 
  0.82847511 
 82.43893768 
-44.97781649 
  0.75319143 
 80.00169233 
-52.22424224 
  0.54210091 
 79.18808323 
-56.55435637 
  0.19490164 
 79.17015849 
-56.08990643 
 -0.27365556 
 77.42242958 
-49.87692248 
 -0.81651515 
 70.96784786 
-39.24890320 
 -1.36281544 
 58.59086933 
-27.26411725 
 -1.84045030 
 41.37215958 
-16.46403790 
 -2.19976552 
 21.28845193 
 -7.59771416 
 -2.41859376 
  0.00000000 
  0.00000000 
 -2.49162310 
  0.00000000 
  0.00000000 
  0.92112656 
  9.52934474 
 -4.71247227 
  0.91456430 
 18.96510134 
 -9.30418938 
  0.89567551 
 28.22095064 
-13.67235263 
  0.86675956 
 37.22635653 
-17.74657665 
  0.83134199 
 45.93625299 
-21.49716426 
  0.79374705 
 54.34004442 
-24.93611487 
  0.75856719 
 62.46697185 
-28.11178744 
  0.73009739 
 70.38524395 
-31.09973179 
  0.71180851 
 78.19395178 
-33.99256087 
  0.70592671 
 86.00884909 
-36.89070159 
  0.71316724 
 83.26668581 
-44.52486422 
  0.66447219 
 81.30943565 
-51.09021191 
  0.49205325 
 80.62503733 
-55.07318228 
  0.18302501 
 80.60747695 
-54.60005647 
 -0.26344527 
 78.93118150 
-48.50655960 
 -0.80374649 
 72.53290910 
-37.90906481 
 -1.36507430 
 59.98476274 
-25.93202186 
 -1.86681434 
 42.36029925 
-15.33856176 
 -2.24926445 
 21.78199110 
 -6.95046675 
 -2.48367878 
  0.00000000 
  0.00000000 
 -2.56209304 
  0.00000000 
  0.00000000 
  1.05587979 
 10.40591073 
 -6.02973590 
  1.04364805 
 20.66659103 
-11.81327640 
  1.00825806 
 30.63649166 
-17.14055101 
  0.95350239 
 40.17718619 
-21.86747219 
  0.88528845 
 49.17557651 
-25.93332845 
  0.81102222 
 57.56878595 
-29.36151422 
  0.73879315 
 65.36634324 
-32.24442062 
  0.67645996 
 72.66004461 
-34.71934771 
  0.63077038 
 79.61664298 
-36.94528316 
  0.60663652 
 86.45473766 
-39.08791828 
  0.60663801 
 84.44986720 
-45.72705774 
  0.56469168 
 83.03203878 
-51.38196297 
  0.41558115 
 82.57432765 
-54.65234887 
  0.13472437 
 82.53029420 
-53.71903355 
 -0.29214554 
 80.70233100 
-47.37516691 
 -0.82403253 
 74.07220888 
-36.65865971 
 -1.38839846 
 61.18245840 
-24.70274205 
 -1.90063890 
 43.14145077 
-14.34179317 
 -2.29497442 
 22.15461967 
 -6.39342326 
 -2.53797373 
  0.00000000 
  0.00000000 
 -2.61943907 
  0.00000000 
  0.00000000 
  1.15759352 
 10.95241332 
 -7.10278320 
  1.14270151 
 21.75751875 
-13.88875104 
  1.09938015 
 32.25618231 
-20.08256635 
  1.03160068 
 42.27761991 
-25.48698356 
  0.94565472 
 51.65784536 
-30.00764812 
  0.84962190 
 60.27310654 
-33.65862586 
  0.75260472 
 68.07618715 
-36.54586784 
  0.66380677 
 75.12077821 
-38.83469730 
  0.59159456 
 81.56443778 
-40.71465920 
  0.54269015 
 87.64982251 
-42.37512541 
  0.52158732 
 86.20263718 
-48.08602945 
  0.46939264 
 85.25888098 
-52.74632389 
  0.32736598 
 85.02714688 
-55.07711190 
  0.06177229 
 84.89559348 
-53.35546006 
 -0.35152257 
 82.71022740 
-46.47101389 
 -0.87282830 
 75.58540066 
-35.52043095 
 -1.43098512 
 62.19875276 
-23.61198103 
 -1.94137423 
 43.73675700 
-13.50844581 
 -2.33655070 
 22.42198549 
 -5.94732890 
 -2.58099362 
  0.00000000 
  0.00000000 
 -2.66309382 
  0.00000000 
  0.00000000 
  1.24235270 
 11.32558037 
 -8.04030360 
  1.22617048 
 22.51964155 
-15.72301455 
  1.17886634 
 33.42927535 
-22.73076756 
  1.10411323 
 43.87223541 
-28.82453860 
  1.00782454 
 53.65093985 
-33.87377935 
  0.89777129 
 62.58761325 
-37.86934838 
  0.78297080 
 70.56921044 
-40.91221641 
  0.67288233 
 77.58495704 
-43.17988668 
  0.57652645 
 83.74258095 
-44.88297969 
  0.50168016 
 89.25938773 
-46.22883389 
  0.45426465 
 88.21903671 
-51.11348045 
  0.38334391 
 87.64200314 
-54.78408008 
  0.23760771 
 87.56824983 
-56.08358127 
 -0.02241696 
 87.26212726 
-53.42252279 
 -0.42667588 
 84.57818504 
-45.87648175 
 -0.93587458 
 76.82737525 
-34.66764672 
 -1.48094274 
 62.91442048 
-22.83200299 
 -1.98009597 
 44.10419624 
-12.95970988 
 -2.36758710 
 22.57447818 
 -5.67147211 
 -2.60790589 
  0.00000000 
  0.00000000 
 -2.68874904 
  0.00000000 
  0.00000000 
  1.32191011 
 11.60341160 
 -8.94764158 
  1.30481226 
 23.09746413 
-17.50662673 
  1.25463171 
 34.34320679 
-25.32533209 
  1.17468477 
 45.15626326 
-32.12694037 
  1.07039266 
 55.31485715 
-37.74379189 
  0.94903469 
 64.59368227 
-42.13833914 
  0.81928766 
 72.81440622 
-45.39994881 
  0.69054854 
 79.89482222 
-47.71439112 
  0.57212652 
 85.87867533 
-49.31535700 
  0.47245173 
 90.93770902 
-50.43615460 
  0.39843969 
 90.19833659 
-54.57979362 
  0.30596717 
 89.88471321 
-57.29721389 
  0.15023776 
 89.87879406 
-57.54655202 
 -0.11046079 
 89.30558016 
-53.90534362 
 -0.50800252 
 86.03612352 
-45.68828842 
 -1.00306119 
 77.63068008 
-34.25196774 
 -1.52936896 
 63.25562501 
-22.49970770 
 -2.01003837 
 44.22170016 
-12.78515803 
 -2.38335939 
 22.60837525 
 -5.60753266 
 -2.61531936 
  0.00000000 
  0.00000000 
 -2.69346275 
  0.00000000 
  0.00000000 
  1.40137379 
 11.80836349 
 -9.87282520 
  1.38332461 
 23.53341871 
-19.32667067 
  1.33018778 
 35.05422364 
-27.97608229 
  1.24499891 
 46.18844010 
-35.50626362 
  1.13279529 
 56.69398053 
-41.71154569 
  1.00048075 
 66.30090535 
-46.52482858 
  0.85648782 
 74.76688260 
-50.02374217 
  0.71020068 
 81.93784214 
-52.40497618 
  0.57119637 
 87.79174107 
-53.93218078 
  0.44844644 
 92.45159821 
-54.87602348 
  0.34963995 
 91.93887247 
-58.34177225 
  0.23570329 
 91.79943097 
-60.15297697 
  0.06674150 
 91.77063876 
-59.37540232 
 -0.19814535 
 90.84854122 
-54.78070235 
 -0.58955455 
 86.95367075 
-45.94543764 
 -1.06811910 
 77.93259785 
-34.33264727 
 -1.57111676 
 63.20805963 
-22.65564664 
 -2.02795861 
 44.09205739 
-13.00052627 
 -2.38242059 
 22.52701037 
 -5.75857380 
 -2.60294475 
  0.00000000 
  0.00000000 
 -2.67733189 
  0.00000000 
  0.00000000 
  1.48221497 
 11.94113719 
-10.82683620 
  1.46305382 
 23.82918967 
-21.20250591 
  1.40651094 
 35.56482792 
-30.70572056 
  1.31543526 
 46.97027135 
-38.98165008 
  1.19462776 
 57.78423302 
-45.78501847 
  1.05080275 
 67.69196759 
-51.01899167 
  0.89234999 
 76.38649779 
-54.75183773 
  0.72882787 
 83.64216349 
-57.19686053 
  0.57022043 
 89.37360859 
-58.65659494 
  0.42609890 
 93.65995634 
-59.45034833 
  0.30487587 
 93.31979103 
-62.28122195 
  0.17085383 
 93.27987179 
-63.23326000 
 -0.01254450 
 93.14660620 
-61.47576409 
 -0.28306170 
 91.81305889 
-55.99306586 
 -0.66773628 
 87.29167494 
-46.62077468 
 -1.12747432 
 77.73311102 
-34.88223456 
 -1.60379762 
 62.78751196 
-23.25811901 
 -2.03322646 
 43.72688709 
-13.56181607 
 -2.36573943 
 22.33444180 
 -6.09719916 
 -2.57276923 
  0.00000000 
  0.00000000 
 -2.64268216 
  0.00000000 
  0.00000000 
  1.56434390 
 11.99716123 
-11.80291951 
  1.54390515 
 23.97641090 
-23.12096441 
  1.48348371 
 35.86412806 
-33.49499499 
  1.38581525 
 47.48947488 
-42.52759129 
  1.25558690 
 58.57202401 
-49.93152039 
  1.09949110 
 68.75013044 
-55.57957565 
  0.92607590 
 77.64937024 
-59.53333619 
  0.74528572 
 84.97145910 
-62.02930533 
  0.56770088 
 90.57071661 
-63.41834303 
  0.40362218 
 94.48990528 
-64.07854151 
  0.26222490 
 94.28058629 
-66.30147743 
  0.10987953 
 94.27756562 
-66.43624574 
 -0.08791993 
 93.97025170 
-63.75606248 
 -0.36411256 
 92.18268443 
-57.46775911 
 -0.74076345 
 87.06040468 
-47.64520245 
 -1.17957131 
 77.05873342 
-35.82214207 
 -1.62689389 
 62.01687107 
-24.22190225 
 -2.02671048 
 43.13625719 
-14.39640516 
 -2.33540933 
 22.03233743 
 -6.58229580 
 -2.52766357 
  0.00000000 
  0.00000000 
 -2.59264333 
  0.00000000 
  0.00000000 
  1.64712897 
 11.97303545 
-12.78745015 
  1.62528593 
 23.96877078 
-25.05630859 
  1.56061984 
 35.94391526 
-36.30860642 
  1.45579742 
 47.73736142 
-46.10201071 
  1.31547237 
 59.04950826 
-54.10440089 
  1.14643729 
 69.46880874 
-60.15657599 
  0.95756093 
 78.54898409 
-64.31532307 
  0.75936207 
 85.91644111 
-66.84662655 
  0.56320183 
 91.36723052 
-68.15880432 
  0.38025334 
 94.91536781 
-68.69759439 
  0.22052251 
 94.80228661 
-70.32799797 
  0.05153755 
 94.78233629 
-69.68049499 
 -0.15999554 
 94.24246823 
-66.13609306 
 -0.44111173 
 91.97429781 
-59.12659389 
 -0.80814228 
 86.29108885 
-48.93339998 
 -1.22420291 
 75.94148479 
-37.05574591 
 -1.64095479 
 60.91569480 
-25.45036870 
 -2.00988226 
 42.32580235 
-15.42693619 
 -2.29369681 
 21.61997588 
 -7.17140131 
 -2.47039939 
  0.00000000 
  0.00000000 
 -2.53015637 
  0.00000000 
  0.00000000 
  1.72981346 
 11.86847660 
-13.76506640 
  1.70649128 
 23.80567520 
-26.97966522 
  1.63736025 
 35.80349968 
-39.10744917 
  1.52503431 
 47.71388744 
-49.65947209 
  1.37417135 
 59.21849239 
-58.25542903 
  1.19173543 
 69.85274549 
-64.70137866 
  0.98702845 
 79.09317148 
-69.04992787 
  0.77129046 
 86.48674631 
-71.60187153 
  0.55681959 
 91.77192609 
-72.83139418 
  0.35578898 
 94.94049950 
-73.25963319 
  0.17910087 
 94.89286339 
-74.30514395 
 -0.00513382 
 94.80800028 
-72.90329438 
 -0.22952643 
 93.98536179 
-68.54892484 
 -0.51446504 
 91.22018540 
-60.89604917 
 -0.87020513 
 85.02032573 
-50.39939037 
 -1.26194670 
 74.41003903 
-38.48740602 
 -1.64701754 
 59.49777187 
-26.85211449 
 -1.98428834 
 41.29735800 
-16.58258120 
 -2.24257628 
 21.09519845 
 -7.82621367 
 -2.40322456 
  0.00000000 
  0.00000000 
 -2.45756173 
  0.00000000 
  0.00000000 
  1.81164969 
 11.68656146 
-14.72081865 
  1.78682794 
 23.49270435 
-28.86295611 
  1.71316638 
 35.45026642 
-41.85366711 
  1.59321712 
 47.42804208 
-53.15655583 
  1.43163997 
 59.09020562 
-62.33969970 
  1.23559147 
 69.91657868 
-69.17055200 
  1.01486577 
 79.30083726 
-73.69657072 
  0.78152284 
 86.70526136 
-76.25731478 
  0.54891618 
 91.80984211 
-77.40030626 
  0.33032116 
 94.58900315 
-77.72904707 
  0.13758861 
 94.57785128 
-78.19203813 
 -0.06090530 
 94.38339452 
-76.05674982 
 -0.29736735 
 93.23247763 
-70.93917431 
 -0.58497883 
 89.95803339 
-62.70983808 
 -0.92779614 
 83.28280443 
-51.96332090 
 -1.29379487 
 72.48698347 
-40.03015218 
 -1.64627155 
 57.77141994 
-28.34650758 
 -1.95130608 
 40.04998938 
-17.80201937 
 -2.18357725 
 20.45505017 
 -8.51379650 
 -2.32776817 
  0.00000000 
  0.00000000 
 -2.37652307 
  0.00000000 
  0.00000000 
  1.89190646 
 11.43351303 
-15.64084318 
  1.86562070 
 23.04120211 
-30.68010371 
  1.78752342 
 34.89906871 
-44.51215260 
  1.66007308 
 46.89699739 
-56.55339213 
  1.48789085 
 58.68411661 
-66.31698473 
  1.27829574 
 69.68321444 
-73.52684654 
  1.04157566 
 79.19974486 
-78.22244436 
  0.79065453 
 86.60509157 
-80.78424409 
  0.54001601 
 91.51812424 
-81.83947031 
  0.30411146 
 93.89863767 
-82.08058509 
  0.09577908 
 93.89558258 
-81.95948924 
 -0.11646243 
 93.54773340 
-79.10427782 
 -0.36450778 
 92.02355357 
-73.26051235 
 -0.65379409 
 88.22574606 
-64.50881090 
 -0.98211592 
 81.10805103 
-53.55325075 
 -1.32096242 
 70.18799028 
-41.60720280 
 -1.63989802 
 55.73975758 
-29.86377082 
 -1.91205458 
 38.58021575 
-19.03266000 
 -2.11776482 
 19.69579409 
 -9.20592604 
 -2.24506512 
  0.00000000 
  0.00000000 
 -2.28806624 
  0.00000000 
  0.00000000 
  1.96980328 
 11.11862659 
-16.51216525 
  1.94215138 
 22.46810557 
-32.40662506 
  1.85989321 
 34.17190788 
-47.04994880 
  1.72533939 
 46.14557814 
-59.81297870 
  1.54299209 
 58.02720383 
-70.15117738 
  1.32024528 
 69.18305395 
-77.73897883 
  1.06781356 
 78.82594085 
-82.60266914 
  0.79946095 
 86.22928603 
-85.16325653 
  0.53082303 
 90.94581620 
-86.13264387 
  0.27757049 
 92.92055207 
-86.29902797 
  0.05355970 
 92.89682482 
-85.58873653 
 -0.17251434 
 92.34988250 
-82.01847718 
 -0.43218312 
 90.40269210 
-75.47355282 
 -0.72245339 
 86.05900365 
-66.23977635 
 -1.03471901 
 78.51858720 
-55.10446375 
 -1.34483969 
 67.52077126 
-43.15062973 
 -1.62902057 
 53.39982624 
-31.34283151 
 -1.86737157 
 36.88107388 
-20.22849829 
 -2.04574686 
 18.81226208 
 -9.87780688 
 -2.15558365 
  0.00000000 
  0.00000000 
 -2.19261365 
  0.00000000 
  0.00000000 
  2.04435753 
 10.75484093 
-17.32162615 
  2.01551832 
 21.79692462 
-34.01759749 
  1.92960939 
 33.29903789 
-49.43354162 
  1.78871439 
 45.20721808 
-62.89834484 
  1.59708786 
 57.15473824 
-73.80810741 
  1.36203646 
 68.45503293 
-81.78084219 
  1.09453866 
 78.22583230 
-86.82116878 
  0.80907684 
 85.63456480 
-89.38636347 
  0.52238401 
 90.15911090 
-90.27591327 
  0.25135590 
 91.72508223 
-90.38150216 
  0.01089907 
 91.65057277 
-89.07298056 
 -0.22993181 
 90.85291694 
-84.78102016 
 -0.50212462 
 88.42023389 
-77.54449650 
 -0.79317514 
 83.49056782 
-67.85382251 
 -1.08770874 
 75.52786301 
-56.55746275 
 -1.36709200 
 64.48236440 
-44.59865098 
 -1.61473487 
 50.73961681 
-32.72821725 
 -1.81780262 
 34.93949591 
-21.34743320 
 -1.96764274 
 17.79631064 
-10.50654363 
 -2.05918462 
  0.00000000 
  0.00000000 
 -2.08994070 
  0.00000000 
  0.00000000 
  2.11402347 
 10.36103223 
-18.05298295 
  2.08430519 
 21.06178520 
-35.48220914 
  1.99563392 
 32.32383397 
-51.62170739 
  1.84975249 
 44.12875456 
-65.76520734 
  1.65046792 
 56.11477556 
-77.25009501 
  1.40471923 
 67.55181833 
-85.62996667 
  1.12342636 
 77.46414354 
-90.87385645 
  0.82149699 
 84.90388004 
-93.46387691 
  0.51657118 
 89.25860728 
-94.28609872 
  0.22671261 
 90.42152798 
-94.34578604 
 -0.03207563 
 90.26351255 
-92.42478006 
 -0.29000207 
 89.15022736 
-87.38629479 
 -0.57717367 
 86.14168504 
-79.44492279 
 -0.86961490 
 80.55151250 
-69.30411998 
 -1.14433547 
 72.13615953 
-57.85478740 
 -1.39000706 
 61.05230522 
-45.89173569 
 -1.59822968 
 47.73072356 
-33.96599094 
 -1.76355675 
 32.73029788 
-22.34788009 
 -1.88293472 
 16.63347673 
-11.06921962 
 -1.95491797 
  0.00000000 
  0.00000000 
 -1.97895549 
  0.00000000 
  0.00000000 
  2.17557986 
  9.97017392 
-18.67752625 
  2.14555874 
 20.32191665 
-36.74613327 
  2.05579956 
 31.32051010 
-53.54233782 
  1.90752636 
 42.98830774 
-68.33797461 
  1.70376261 
 54.98514576 
-80.41764441 
  1.45056447 
 66.55867073 
-89.26129398 
  1.15813799 
 76.65091977 
-94.77742669 
  0.84114742 
 84.18769788 
-97.44539504 
  0.51763562 
 88.43590688 
-98.22708372 
  0.20662292 
 89.22385859 
-98.25651416 
 -0.07471374 
 88.94489481 
-95.70071418 
 -0.35509766 
 87.42000202 
-89.85514943 
 -0.66313513 
 83.67956690 
-81.15385698 
 -0.95921353 
 77.27865302 
-70.54218698 
 -1.21081226 
 68.32121943 
-58.93526249 
 -1.41751512 
 57.17526351 
-46.96594795 
 -1.58110986 
 44.31003708 
-34.99695268 
 -1.70434167 
 30.20173867 
-23.18304602 
 -1.79001477 
 15.29516570 
-11.53959528 
 -1.84042894 
  0.00000000 
  0.00000000 
 -1.85706426 
  0.00000000 
  0.00000000 
  2.21882697 
  9.66865679 
-19.10753393 
  2.18987615 
 19.73211456 
-37.64359380 
  2.10304560 
 30.48177948 
-54.97507220 
  1.95869067 
 41.98579292 
-70.38363797 
  1.75834874 
 53.96035002 
-83.12328182 
  1.50603154 
 65.68628282 
-92.59042733 
  1.20961955 
 76.06640730 
-98.57825957 
  0.88171505 
 83.88972863 
-101.48546168 
  0.53920830 
 88.22903366 
-102.30257880 
  0.20125600 
 88.75167420 
-102.31807509 
 -0.11371156 
 88.30604507 
-99.09328024 
 -0.43106942 
 86.18117892 
-92.28403192 
 -0.77650343 
 81.35208143 
-82.66296150 
 -1.08290250 
 73.77298729 
-71.50555081 
 -1.30328685 
 64.03321094 
-59.71792886 
 -1.45874925 
 52.72866853 
-47.73520952 
 -1.56641043 
 40.34391343 
-35.73822995 
 -1.63894289 
 27.24841221 
-23.78504807 
 -1.68516375 
 13.72467092 
-11.87881557 
 -1.71078003 
  0.00000000 
  0.00000000 
 -1.71897792 
  0.00000000 
  0.00000000 
  2.19452144 
  9.82125702 
-18.89613966 
  2.17085605 
 19.95914362 
-37.31739636 
  2.09937788 
 30.66559629 
-54.73696473 
  1.97879906 
 42.04568042 
-70.54205798 
  1.80753032 
 53.94972131 
-84.04488062 
  1.58459924 
 65.85700437 
-94.57651968 
  1.31100471 
 76.81380497 
-101.69178807 
  0.99133432 
 85.52998577 
-105.45070163 
  0.63511588 
 90.70584577 
-106.63027157 
  0.25706716 
 91.50033562 
-106.66208875 
 -0.12441812 
 90.86877336 
-102.83658821 
 -0.52532597 
 87.68767264 
-94.70820242 
 -0.96439824 
 80.78426899 
-83.83272858 
 -1.29782835 
 71.10214864 
-72.04436462 
 -1.45409104 
 60.06457513 
-60.06809616 
 -1.52648290 
 48.39432413 
-48.05757331 
 -1.55991675 
 36.43175969 
-36.04254635 
 -1.57530687 
 24.33518210 
-24.02784140 
 -1.58229740 
 12.17894579 
-12.01376248 
 -1.58527055 
  0.00000000 
  0.00000000 
 -1.58609030 
  0.00000000 
  0.00000000 
  2.12655617 
 10.25088019 
-18.24092771 
  2.10835558 
 20.72432809 
-36.10043903 
  2.05293885 
 31.60819881 
-53.15636435 
  1.95790641 
 43.00639910 
-68.91028363 
  1.81944701 
 54.86120667 
-82.77004835 
  1.63275463 
 66.84013229 
-94.07880156 
  1.39288716 
 78.20637447 
-102.23815817 
  1.09630076 
 87.75087539 
-106.97126996 
  0.74315238 
 93.93642150 
-108.69478216 
  0.33995733 
 95.38179969 
-108.78897980 
 -0.09864929 
 94.69470552 
-104.80596183 
 -0.57909665 
 90.64246448 
-95.82688893 
 -1.11401599 
 82.00516594 
-84.26667951 
 -1.45628366 
 70.90058347 
-72.25604264 
 -1.53528535 
 59.21799926 
-60.21601226 
 -1.55331992 
 47.40332879 
-48.17321170 
 -1.55743444 
 35.55851988 
-36.12998439 
 -1.55837310 
 23.70683596 
-24.08667042 
 -1.55858712 
 11.85358761 
-12.04333727 
 -1.55863539 
  0.00000000 
  0.00000000 
 -1.55864400 
  0.00000000 
  0.00000000 
  2.08760196 
 10.47873109 
-17.85118386 
  2.07213701 
 21.13586224 
-35.37057801 
  2.02480012 
 32.12721401 
-52.18969123 
  1.94276031 
 43.55074823 
-67.86780374 
  1.82131429 
 55.38396307 
-81.86465929 
  1.65403338 
 67.37930468 
-93.54308358 
  1.43326311 
 78.91667268 
-102.24915163 
  1.15134520 
 88.86367236 
-107.54273030 
  0.80300777 
 95.60077454 
-109.61901302 
  0.38906640 
 97.45270277 
-109.77035857 
 -0.07953285 
 96.75334067 
-105.75498417 
 -0.60407955 
 92.21780529 
-96.37224869 
 -1.19424715 
 82.69636620 
-84.55325812 
 -1.52715263 
 71.04966177 
-72.47778706 
 -1.55536741 
 59.22155122 
-60.39833911 
 -1.55771943 
 47.37831619 
-48.31868519 
 -1.55791548 
 35.53382051 
-36.23901496 
 -1.55793182 
 23.68921976 
-24.15934339 
 -1.55793318 
 11.84461024 
-12.07967170 
 -1.55793329 
  0.00000000 
  0.00000000 
 -1.55793330 
  0.00000000 
  0.00000000 
  2.06632828 
 10.59698700 
-17.63478692 
  2.05235186 
 21.34986076 
-34.96592333 
  2.00942355 
 32.39773880 
-51.65483917 
  1.93451453 
 43.83458881 
-67.29256720 
  1.82249816 
 55.65470520 
-81.36803037 
  1.66614216 
 67.65432962 
-93.25782456 
  1.45638083 
 79.27852813 
-102.28284250 
  1.18328559 
 89.44612608 
-107.91511332 
  0.83836768 
 96.50305197 
-110.21611766 
  0.41875397 
 98.60355052 
-110.40941910 
 -0.06733062 
 97.89985526 
-106.38336412 
 -0.61826457 
 93.06937556 
-96.77466113 
 -1.24215931 
 83.05300605 
-84.82393961 
 -1.56258914 
 71.17237434 
-72.70606533 
 -1.55938187 
 59.31048038 
-60.58838969 
 -1.55941677 
 47.44838254 
-48.47071173 
 -1.55941639 
 35.58628692 
-36.35303380 
 -1.55941639 
 23.72419128 
-24.23535587 
 -1.55941639 
 11.86209564 
-12.11767793 
 -1.55941639 
  0.00000000 
  0.00000000 
 -1.55941639 
  0.00000000 
  0.00000000 
  2.05353722 
 10.66585549 
-17.50375388 
  2.04049811 
 21.47416676 
-34.72206258 
  2.00035059 
 32.55400276 
-51.33554595 
  1.92995570 
 43.99677344 
-66.95545057 
  1.82394346 
 55.80675773 
-81.08944066 
  1.67460383 
 67.80716216 
-93.12376593 
  1.47200256 
 79.48489911 
-102.36497363 
  1.20476094 
 89.79467751 
-108.22958876 
  0.86224680 
 97.06433787 
-110.68891347 
  0.43900385 
 99.33520973 
-110.91408478 
 -0.05877808 
 98.62966527 
-106.88391191 
 -0.62761186 
 93.59655074 
-97.12821683 
 -1.27465707 
 83.26321802 
-85.09061952 
 -1.58308914 
 71.26384497 
-72.93430584 
 -1.55907686 
 59.39453609 
-60.77867116 
 -1.56096058 
 47.51502430 
-48.62293092 
 -1.56081280 
 35.63631296 
-36.46719863 
 -1.56082439 
 23.75753881 
-24.31146572 
 -1.56082348 
 11.87876960 
-12.15573286 
 -1.56082356 
  0.00000000 
  0.00000000 
 -1.56082355 
